Some((
    red: 0.49604428,
    green: 0.49604428,
    blue: 0.49604428,
))