Some((
    red: 0.5755853,
    green: 0.58249414,
    blue: 0.587322,
))